Energy energy_error_low energy_error_high, Flux, error_low, error_high 
7.408615e+00  0.000000e+00 0.000000e+00  5.933009e-01  2.144268e-02 2.144268e-02 
8.265884e+00  0.000000e+00 0.000000e+00  4.184984e-01  1.452195e-02 1.452195e-02 
9.207501e+00  0.000000e+00 0.000000e+00  3.020721e-01  1.086704e-02 1.086704e-02 
1.024450e+01  0.000000e+00 0.000000e+00  2.148297e-01  7.624954e-03 7.624954e-03 
1.139227e+01  0.000000e+00 0.000000e+00  1.525525e-01  5.559245e-03 5.559245e-03 
1.265729e+01  0.000000e+00 0.000000e+00  1.093920e-01  3.325357e-03 3.325357e-03 
2.912655e+01  0.000000e+00 0.000000e+00  7.542521e-03  1.607052e-04 1.607052e-04 
3.236190e+01  0.000000e+00 0.000000e+00  5.327778e-03  1.252469e-04 1.252469e-04 
3.596654e+01  0.000000e+00 0.000000e+00  3.870588e-03  9.166251e-05 9.166251e-05 
4.002577e+01  0.000000e+00 0.000000e+00  2.724925e-03  6.444464e-05 6.444464e-05 
4.456290e+01  0.000000e+00 0.000000e+00  1.919987e-03  5.009395e-05 5.009395e-05 
4.964095e+01  0.000000e+00 0.000000e+00  1.353553e-03  3.571741e-05 3.571741e-05 
5.540524e+01  0.000000e+00 0.000000e+00  9.885959e-04  2.722439e-05 2.722439e-05 
6.914641e+01  0.000000e+00 0.000000e+00  4.818521e-04  2.436561e-05 2.436561e-05
