PSR 	 Edot (erg/s) 	 Age (year) 	 d (kpc) 	 gamma 	 E_cut 	 eta 	 etaEdot 	 E_max (GeV) 	 ReducedChi^2_Middle 	 ReducedChi2_po_Middle 	 reducedchi_2_combine_Middle
J0659+1414 	 3.8e+34 	 111000 	 0.286 	 1.18 	 141.94 	 0.99 	 3.77758e+34 	 2039.13 	 62.69 	 2125.45 	 479.7684
J1732-3131 	 1.5e+35 	 111000 	 0.64 	 1.67 	 435.05 	 0.99 	 1.48785e+35 	 2039.13 	 55.35 	 2006.13 	 449.8337
J0908-4913 	 4.9e+35 	 112000 	 1.0 	 1.74 	 762.66 	 0.99 	 4.85639e+35 	 2020.92 	 41.72 	 1812.78 	 399.9737
J0954-5430 	 1.6e+34 	 171000 	 0.433 	 1.64 	 915.00 	 1.00 	 1.5998399999999998e+34 	 1323.65 	 63.61 	 2172.89 	 490.0969
J1825-0935 	 4.5e+33 	 233000 	 0.3 	 1.77 	 299.23 	 0.99 	 4.4622e+33 	 971.43 	 65.93 	 2189.45 	 495.2742
J0942-5657 	 3e+33 	 323000 	 0.406 	 1.71 	 904.73 	 1.00 	 2.9982e+33 	 700.75 	 65.73 	 2193.07 	 495.8468
J0924-5302 	 3.4e+33 	 335000 	 0.513 	 1.63 	 841.25 	 1.00 	 3.3966e+33 	 675.65 	 65.54 	 2191.18 	 495.3182
J0633+1746 	 3.2e+34 	 342000 	 0.19 	 1.70 	 866.90 	 1.00 	 3.19904e+34 	 661.82 	 57.96 	 2042.07 	 459.1659
J1741-2054 	 9.5e+33 	 386000 	 0.3 	 1.58 	 105.35 	 0.99 	 9.409750000000001e+33 	 586.38 	 64.93 	 2122.15 	 480.8565
J1001-5507 	 6.9e+32 	 441000 	 0.3 	 1.21 	 41.81 	 0.99 	 6.804090000000001e+32 	 513.25 	 66.40 	 2198.00 	 497.3713
J1001-5507 	 6.9e+32 	 441000 	 0.3 	 1.21 	 41.81 	 0.99 	 6.804090000000001e+32 	 513.25 	 66.40 	 2198.00 	 497.3713
J0942-5552 	 3.1e+33 	 464000 	 0.3 	 1.46 	 573.16 	 1.00 	 3.08791e+33 	 487.81 	 65.22 	 2184.34 	 493.6852
J0942-5552 	 3.1e+33 	 464000 	 0.3 	 1.46 	 573.16 	 1.00 	 3.08791e+33 	 487.81 	 65.22 	 2184.34 	 493.6852
J1020-5921 	 8.4e+32 	 485000 	 0.938 	 1.57 	 152.13 	 0.82 	 6.88464e+32 	 466.69 	 66.37 	 2200.91 	 497.9383
J1020-5921 	 8.4e+32 	 485000 	 0.938 	 1.57 	 152.13 	 0.82 	 6.88464e+32 	 466.69 	 66.37 	 2200.91 	 497.9383
J0736-6304 	 5.2e+31 	 507000 	 0.104 	 1.12 	 36.53 	 0.98 	 5.1136800000000005e+31 	 446.44 	 66.50 	 2206.45 	 499.165
J0736-6304 	 5.2e+31 	 507000 	 0.104 	 1.12 	 36.53 	 0.98 	 5.1136800000000005e+31 	 446.44 	 66.50 	 2206.45 	 499.165
J1057-5226 	 3e+34 	 535000 	 0.093 	 1.72 	 773.06 	 0.98 	 2.9547e+34 	 423.07 	 56.90 	 1946.82 	 439.0375
J0357+3205 	 5.9e+33 	 540000 	 0.835 	 1.72 	 833.09 	 1.00 	 5.89941e+33 	 419.15 	 64.72 	 2161.84 	 488.729
J1745-3040 	 8.5e+33 	 546000 	 0.2 	 1.63 	 819.48 	 1.00 	 8.4932e+33 	 414.55 	 63.15 	 2131.51 	 481.3548
J2030+4415 	 2.2e+34 	 555000 	 0.72 	 1.70 	 869.20 	 1.00 	 2.1973600000000004e+34 	 407.83 	 59.62 	 2031.30 	 458.2816
J0358+5413 	 4.5e+34 	 564000 	 1.0 	 1.74 	 933.91 	 1.00 	 4.49595e+34 	 401.32 	 55.17 	 1892.60 	 426.6943
J0835-3707 	 2.4e+33 	 877000 	 0.555 	 1.50 	 178.52 	 0.85 	 2.0328e+33 	 258.09 	 65.64 	 2163.87 	 489.8631
J0611+1436 	 8e+33 	 1070000 	 0.807 	 1.75 	 804.35 	 1.00 	 7.999199999999999e+33 	 211.54 	 63.20 	 2066.43 	 468.2113
J0945-4833 	 5.2e+33 	 1090000 	 0.352 	 1.68 	 663.04 	 1.00 	 5.179719999999999e+33 	 207.65 	 63.95 	 2100.68 	 475.7362
J1752-2806 	 1.8e+33 	 1100000 	 0.2 	 1.51 	 361.44 	 0.92 	 1.6527600000000002e+33 	 205.77 	 65.55 	 2167.29 	 490.4879
J2225+6535 	 1.2e+33 	 1120000 	 0.9 	 1.58 	 212.09 	 1.00 	 1.19748e+33 	 202.09 	 65.99 	 2177.72 	 492.9429
J1705-1906 	 6.1e+33 	 1140000 	 0.747 	 1.62 	 764.68 	 0.99 	 6.05791e+33 	 198.55 	 63.51 	 2092.04 	 473.6427
J2055+2539 	 5e+33 	 1230000 	 0.62 	 1.75 	 928.09 	 1.00 	 4.9989999999999996e+33 	 184.02 	 64.24 	 2101.68 	 476.1621
J0452-1759 	 1.4e+33 	 1510000 	 0.4 	 1.79 	 618.30 	 1.00 	 1.39384e+33 	 149.90 	 65.84 	 2166.23 	 490.4967
J0745-5353 	 8.7e+33 	 1560000 	 0.565 	 1.79 	 821.27 	 1.00 	 8.665200000000001e+33 	 145.09 	 62.58 	 1967.82 	 447.7419
J1709-1640 	 8.9e+32 	 1640000 	 0.562 	 1.65 	 127.67 	 0.98 	 8.71043e+32 	 138.01 	 66.11 	 2171.46 	 491.7742
J0957-5432 	 9.1e+33 	 1660000 	 0.449 	 1.74 	 937.98 	 1.00 	 9.1e+33 	 136.35 	 62.02 	 1940.01 	 441.6773
J1836+5925 	 1.1e+34 	 1830000 	 0.3 	 1.71 	 917.04 	 1.00 	 1.09923e+34 	 123.68 	 61.08 	 1849.22 	 422.54
J1116-4122 	 3.7e+32 	 1880000 	 0.28 	 1.67 	 861.58 	 1.00 	 3.69223e+32 	 120.40 	 66.30 	 2194.01 	 496.4846
J0720-3125 	 4.7e+30 	 1900000 	 0.4 	 1.34 	 154.95 	 0.99 	 4.64266e+30 	 119.13 	 66.51 	 2207.07 	 499.296
J2208+4056 	 8.1e+32 	 1910000 	 0.754 	 1.10 	 58.54 	 0.97 	 7.89669e+32 	 118.50 	 65.99 	 2155.46 	 488.4371
J0907-5157 	 4.4e+33 	 2190000 	 0.341 	 1.78 	 853.30 	 1.00 	 4.4e+33 	 103.35 	 64.22 	 2026.20 	 460.8622
J1105-4353 	 2.3e+33 	 2230000 	 0.127 	 1.76 	 895.58 	 1.00 	 2.29931e+33 	 101.50 	 65.24 	 2108.78 	 478.3858
J1918+1541 	 2e+33 	 2310000 	 0.727 	 1.74 	 892.38 	 1.00 	 1.9961999999999998e+33 	 97.98 	 65.44 	 2123.31 	 481.4906
J1003-4747 	 2.8e+33 	 2350000 	 0.369 	 1.69 	 466.91 	 0.99 	 2.78348e+33 	 96.32 	 64.87 	 2066.68 	 469.5673
J0924-5814 	 4.8e+32 	 2380000 	 0.107 	 1.46 	 113.39 	 0.84 	 4.00992e+32 	 95.10 	 66.23 	 2178.33 	 493.2538
J0514-4408 	 2.5e+33 	 2480000 	 0.966 	 1.76 	 893.27 	 1.00 	 2.4994999999999998e+33 	 91.27 	 65.25 	 2099.60 	 476.5396
J0746-4529 	 3e+31 	 2650000 	 0.81 	 1.23 	 43.35 	 0.89 	 2.6847e+31 	 85.41 	 66.49 	 2204.95 	 498.8544
J0630-2834 	 1.5e+32 	 2770000 	 0.32 	 1.40 	 61.68 	 0.94 	 1.4146500000000001e+32 	 81.71 	 66.41 	 2194.81 	 496.7366
J2048-1616 	 5.7e+31 	 2840000 	 0.95 	 1.27 	 93.52 	 0.97 	 5.5324199999999995e+31 	 79.70 	 66.47 	 2202.55 	 498.3488
J1848-1952 	 1.1e+31 	 2930000 	 0.751 	 1.25 	 38.16 	 0.96 	 1.0576500000000002e+31 	 77.25 	 66.50 	 2206.31 	 499.1396
J0837+0610 	 1.3e+32 	 2970000 	 0.19 	 1.37 	 443.22 	 0.99 	 1.2851800000000001e+32 	 76.21 	 66.41 	 2199.33 	 497.6556
J0613+3731 	 5.4e+32 	 3020000 	 0.186 	 1.70 	 845.11 	 0.99 	 5.36976e+32 	 74.95 	 66.17 	 2175.64 	 492.6643
J1932+1059 	 3.9e+33 	 3100000 	 0.31 	 1.72 	 906.09 	 1.00 	 3.8863500000000004e+33 	 73.01 	 64.22 	 1983.96 	 452.3052
J0855-3331 	 1.2e+32 	 3180000 	 0.503 	 1.19 	 122.45 	 0.94 	 1.13352e+32 	 71.18 	 66.41 	 2196.34 	 497.0444
J1856-3754 	 3.3e+30 	 3760000 	 0.16 	 1.24 	 101.59 	 0.97 	 3.18813e+30 	 60.20 	 66.51 	 2206.94 	 499.2695
J0955-5304 	 2.2e+32 	 3870000 	 0.401 	 1.74 	 313.68 	 1.00 	 2.19824e+32 	 58.49 	 66.36 	 2188.73 	 495.4648
J1755-0903 	 4.4e+33 	 3870000 	 0.235 	 1.65 	 446.21 	 1.00 	 4.38328e+33 	 58.49 	 63.53 	 1855.65 	 425.7676
J1908+0734 	 3.4e+33 	 4080000 	 0.669 	 1.72 	 799.41 	 1.00 	 3.39354e+33 	 55.48 	 64.41 	 1959.21 	 447.4416
J1000-5149 	 2.3e+33 	 4220000 	 0.127 	 1.73 	 895.42 	 1.00 	 2.3e+33 	 53.64 	 65.02 	 2029.69 	 462.1947
J1720-1633 	 6e+31 	 4280000 	 0.988 	 1.46 	 87.63 	 0.92 	 5.493e+31 	 52.88 	 66.47 	 2200.95 	 498.0243
J1141-3107 	 5e+32 	 4350000 	 0.783 	 1.44 	 460.62 	 0.96 	 4.8125e+32 	 52.03 	 66.15 	 2165.86 	 490.6694
J0454+4529 	 7.2e+31 	 4500000 	 0.765 	 1.51 	 183.10 	 0.98 	 7.038e+31 	 50.30 	 66.45 	 2199.33 	 497.6825
J1743-0339 	 7e+32 	 4530000 	 0.2 	 1.16 	 61.93 	 0.94 	 6.5961e+32 	 49.97 	 65.82 	 2106.91 	 478.4638
J0934-5249 	 6.1e+31 	 4920000 	 0.349 	 1.14 	 149.83 	 0.99 	 6.03046e+31 	 46.00 	 66.45 	 2199.18 	 497.6509
J0826+2637 	 4.5e+32 	 4920000 	 0.5 	 1.20 	 296.29 	 0.99 	 4.4586e+32 	 46.00 	 66.14 	 2161.08 	 489.6879
J0946+0951 	 1e+32 	 4980000 	 0.892 	 1.29 	 72.18 	 0.83 	 8.262e+31 	 45.45 	 66.43 	 2195.16 	 496.8226
J1136+1551 	 8.8e+31 	 5040000 	 0.37 	 1.11 	 54.87 	 0.84 	 7.3814400000000005e+31 	 44.91 	 66.43 	 2194.76 	 496.7399
J1651-1709 	 1.3e+32 	 5080000 	 0.836 	 1.72 	 582.32 	 0.97 	 1.2669800000000001e+32 	 44.56 	 66.42 	 2195.34 	 496.8539
J0006+1834 	 2.5e+32 	 5240000 	 0.86 	 1.67 	 778.12 	 1.00 	 2.4965e+32 	 43.20 	 66.34 	 2184.42 	 494.5753
J2330-2005 	 4.1e+31 	 5620000 	 0.861 	 1.19 	 55.16 	 0.99 	 4.0713e+31 	 40.27 	 66.47 	 2200.44 	 497.9215
J1016-5345 	 1.7e+32 	 6330000 	 0.117 	 1.62 	 303.58 	 0.98 	 1.6677e+32 	 35.76 	 66.37 	 2185.18 	 494.7498
J0912-3851 	 4e+31 	 6740000 	 0.346 	 1.11 	 132.98 	 0.86 	 3.4456e+31 	 33.58 	 66.47 	 2201.31 	 498.1009
J0840-5332 	 1.7e+32 	 6970000 	 0.566 	 1.72 	 844.04 	 1.00 	 1.6993199999999998e+32 	 32.47 	 66.39 	 2188.40 	 495.4223
J0849-6322 	 6.3e+32 	 7370000 	 0.383 	 1.69 	 413.28 	 1.00 	 6.28173e+32 	 30.71 	 66.01 	 2125.96 	 482.4715
J0803-0942 	 2.5e+32 	 7800000 	 0.818 	 1.56 	 675.03 	 1.00 	 2.49925e+32 	 29.02 	 66.33 	 2177.04 	 493.0702
J0904-4246 	 8.2e+31 	 8150000 	 0.675 	 1.21 	 93.39 	 0.90 	 7.35212e+31 	 27.77 	 66.43 	 2192.82 	 496.3484
J0932-5327 	 3.9e+30 	 8310000 	 0.359 	 1.21 	 54.18 	 0.99 	 3.86061e+30 	 27.24 	 66.51 	 2206.54 	 499.188
J1038-5831 	 1.7e+32 	 8380000 	 0.917 	 1.64 	 868.56 	 1.00 	 1.69779e+32 	 27.01 	 66.39 	 2187.56 	 495.2516
J1725-0732 	 1.2e+33 	 8850000 	 0.203 	 1.68 	 657.73 	 0.95 	 1.14156e+33 	 25.58 	 65.71 	 2064.45 	 469.7758
J1751-4657 	 1.3e+32 	 9060000 	 0.739 	 1.66 	 798.88 	 1.00 	 1.2993500000000002e+32 	 24.98 	 66.42 	 2191.39 	 496.0523
J0658+2936 	 1e+32 	 9070000 	 0.815 	 1.53 	 91.55 	 0.93 	 9.293e+31 	 24.96 	 66.43 	 2192.36 	 496.2558
J0856-6137 	 7.4e+31 	 9080000 	 0.37 	 1.66 	 191.25 	 0.88 	 6.49276e+31 	 24.93 	 66.46 	 2197.68 	 497.3547
J0941-5244 	 1.6e+32 	 9170000 	 0.398 	 1.21 	 56.49 	 0.97 	 1.5537599999999998e+32 	 24.68 	 66.34 	 2175.61 	 492.7917
J2027+7502 	 2.6e+32 	 9180000 	 0.743 	 1.59 	 778.22 	 0.99 	 2.57764e+32 	 24.66 	 66.33 	 2175.42 	 492.7455
J0908-1739 	 4.1e+32 	 9500000 	 0.805 	 1.69 	 915.62 	 1.00 	 4.0963099999999995e+32 	 23.83 	 66.25 	 2159.24 	 489.4018
J1631-1612 	 1.4e+32 	 9800000 	 0.839 	 1.38 	 468.10 	 0.96 	 1.33924e+32 	 23.10 	 66.41 	 2189.53 	 495.6696
J1119-7936 	 1.2e+31 	 9850000 	 0.814 	 1.10 	 72.99 	 1.00 	 1.1969999999999999e+31 	 22.98 	 66.50 	 2204.80 	 498.8279
J0636-4549 	 1.6e+31 	 9910000 	 0.383 	 1.11 	 68.94 	 0.98 	 1.5606400000000002e+31 	 22.84 	 66.49 	 2203.95 	 498.652
PSR 	 Edot (erg/s) 	 Age (year) 	 d (kpc) 	 gamma 	 E_cut 	 eta 	 etaEdot 	 E_max (GeV) 	 ReducedChi^2_Middle 	 ReducedChi2_po_Middle 	 reducedchi_2_combine_Old
J0152-1637 	 8.9e+31 	 10200000 	 0.92 	 1.50 	 483.59 	 1.00 	 8.89199e+31 	 22.19 	 66.44 	 2195.13 	 496.83
J0905-6019 	 5.2e+32 	 10300000 	 0.359 	 1.60 	 808.52 	 1.00 	 5.19584e+32 	 21.98 	 66.16 	 2143.11 	 486.07
J1115+5030 	 2.2e+31 	 10500000 	 0.923 	 1.34 	 142.03 	 0.98 	 2.16304e+31 	 21.56 	 66.49 	 2203.44 	 498.55
J1721-0855 	 1.2e+31 	 11000000 	 0.2 	 1.16 	 129.19 	 1.00 	 1.19688e+31 	 20.58 	 66.50 	 2204.97 	 498.86
J0846-3533 	 4.6e+31 	 11000000 	 0.535 	 1.55 	 675.79 	 1.00 	 4.57746e+31 	 20.58 	 66.48 	 2201.56 	 498.16
J0459-0210 	 3.8e+31 	 12800000 	 0.16 	 1.58 	 754.78 	 0.99 	 3.7525e+31 	 17.68 	 66.49 	 2202.85 	 498.42
J0600-5756 	 9.5e+30 	 12900000 	 0.553 	 1.12 	 120.96 	 0.95 	 8.9794e+30 	 17.55 	 66.50 	 2205.64 	 499.00
J1116-2444 	 5.9e+31 	 14000000 	 0.839 	 1.47 	 670.11 	 0.97 	 5.714150000000001e+31 	 16.17 	 66.48 	 2200.76 	 497.99
J1534-5334 	 2.2e+31 	 15200000 	 0.81 	 1.11 	 123.27 	 0.94 	 2.05964e+31 	 14.89 	 66.49 	 2204.08 	 498.68
J1921+2153 	 2.2e+31 	 15700000 	 0.3 	 1.29 	 319.60 	 1.00 	 2.19736e+31 	 14.42 	 66.50 	 2204.48 	 498.76
J1659-1305 	 9.3e+31 	 16400000 	 0.485 	 1.57 	 250.30 	 0.98 	 9.07401e+31 	 13.80 	 66.46 	 2197.99 	 497.42
J1840-1419 	 8.7e+29 	 16500000 	 0.721 	 1.51 	 732.88 	 0.96 	 8.389410000000001e+29 	 13.72 	 66.51 	 2207.25 	 499.33
J0304+1932 	 1.9e+31 	 17000000 	 0.739 	 1.16 	 129.26 	 0.92 	 1.74325e+31 	 13.31 	 66.50 	 2205.20 	 498.91
J1700-0954 	 5.4e+31 	 17200000 	 0.217 	 1.28 	 134.36 	 0.97 	 5.2190999999999995e+31 	 13.16 	 66.48 	 2201.55 	 498.16
J0953+0755 	 5.6e+32 	 17500000 	 0.261 	 1.47 	 859.79 	 1.00 	 5.5960799999999996e+32 	 12.93 	 66.30 	 2168.80 	 491.38
J0749-4247 	 2.9e+31 	 17800000 	 0.56 	 1.12 	 391.04 	 0.99 	 2.88115e+31 	 12.72 	 66.50 	 2204.49 	 498.77
J1332-3032 	 8e+31 	 18400000 	 0.882 	 1.10 	 935.92 	 1.00 	 7.9984e+31 	 12.30 	 66.48 	 2201.15 	 498.08
J1321+8323 	 7.4e+31 	 18700000 	 0.96 	 1.11 	 253.47 	 1.00 	 7.393339999999999e+31 	 12.10 	 66.48 	 2201.21 	 498.09
J1735-0243 	 5.2e+31 	 19600000 	 0.992 	 1.10 	 849.99 	 0.99 	 5.16776e+31 	 11.55 	 66.49 	 2203.60 	 498.58
J0818-3049 	 5.1e+31 	 20900000 	 0.422 	 1.10 	 943.96 	 1.00 	 5.0994899999999995e+31 	 10.83 	 66.50 	 2204.56 	 498.78
J0807-5421 	 1e+32 	 22100000 	 0.887 	 1.11 	 91.98 	 0.83 	 8.29e+31 	 10.24 	 66.50 	 2207.32 	 499.34
J1239+2453 	 1.4e+31 	 22800000 	 0.84 	 1.28 	 90.87 	 0.86 	 1.20428e+31 	 9.93 	 66.51 	 2207.32 	 499.35
J0540-7125 	 1.5e+31 	 24800000 	 0.547 	 1.28 	 90.68 	 0.86 	 1.2898499999999999e+31 	 9.13 	 66.51 	 2207.32 	 499.35
J0511-6508 	 2.4e+32 	 24800000 	 0.818 	 1.24 	 91.20 	 0.61 	 1.46088e+32 	 9.13 	 66.49 	 2207.32 	 499.34
J1851-0053 	 1.2e+31 	 25600000 	 0.959 	 1.25 	 205.32 	 0.94 	 1.13124e+31 	 8.84 	 66.51 	 2207.32 	 499.35
J0828-3417 	 6.2e+30 	 29400000 	 0.354 	 1.19 	 264.12 	 0.98 	 6.08654e+30 	 7.70 	 66.51 	 2207.32 	 499.35
J1001-5559 	 7.4e+30 	 30600000 	 0.432 	 1.77 	 949.98 	 0.03 	 2.5308000000000003e+29 	 7.40 	 66.51 	 2207.32 	 499.35
J0934-4154 	 5.7e+31 	 33600000 	 0.53 	 1.77 	 949.98 	 0.03 	 1.9493999999999999e+30 	 6.74 	 66.51 	 2207.32 	 499.35
J0536-7543 	 1.2e+31 	 34200000 	 0.143 	 1.77 	 949.98 	 0.03 	 4.104e+29 	 6.62 	 66.51 	 2207.32 	 499.35
J0952-3839 	 8.8e+30 	 37500000 	 0.523 	 1.77 	 949.98 	 0.03 	 3.0096e+29 	 6.04 	 66.51 	 2207.32 	 499.35
J1901-1740 	 4.3e+30 	 37700000 	 0.894 	 1.77 	 949.98 	 0.03 	 1.4706e+29 	 6.00 	 66.51 	 2207.32 	 499.35
J1819-1318 	 6.8e+30 	 40200000 	 0.811 	 1.77 	 949.98 	 0.03 	 2.3256000000000004e+29 	 5.63 	 66.51 	 2207.32 	 499.35
J1605-5257 	 3.5e+31 	 40700000 	 0.922 	 1.77 	 949.98 	 0.03 	 1.1970000000000001e+30 	 5.56 	 66.51 	 2207.32 	 499.35
J1456-6843 	 2.1e+32 	 42200000 	 0.43 	 1.77 	 949.98 	 0.03 	 7.182000000000001e+30 	 5.36 	 66.51 	 2207.32 	 499.35
J1057-4754 	 3.6e+31 	 44300000 	 0.639 	 1.77 	 949.98 	 0.03 	 1.2312000000000001e+30 	 5.11 	 66.51 	 2207.32 	 499.35
J1012-2337 	 2.2e+30 	 45300000 	 0.983 	 1.77 	 949.98 	 0.03 	 7.524e+28 	 5.00 	 66.51 	 2207.32 	 499.35
J0818-3232 	 2.9e+30 	 45500000 	 0.484 	 1.77 	 949.98 	 0.03 	 9.918e+28 	 4.97 	 66.51 	 2207.32 	 499.35
J1544-5308 	 4.2e+32 	 47000000 	 0.932 	 1.77 	 949.98 	 0.03 	 1.4364000000000001e+31 	 4.82 	 66.51 	 2207.32 	 499.35
J1900-2600 	 3.5e+31 	 47400000 	 0.7 	 1.77 	 949.98 	 0.03 	 1.1970000000000001e+30 	 4.78 	 66.51 	 2207.32 	 499.35
J2018+2839 	 3.4e+31 	 59700000 	 0.98 	 1.77 	 949.98 	 0.03 	 1.1628e+30 	 3.79 	 66.51 	 2207.32 	 499.35
J0709-5923 	 4.4e+31 	 61000000 	 0.371 	 1.77 	 949.98 	 0.03 	 1.5048e+30 	 3.71 	 66.51 	 2207.32 	 499.35
J0909-7212 	 5.1e+30 	 66000000 	 0.752 	 1.77 	 949.98 	 0.03 	 1.7442000000000004e+29 	 3.43 	 66.51 	 2207.32 	 499.35
J2122+2426 	 3.2e+31 	 67500000 	 0.585 	 1.77 	 949.98 	 0.03 	 1.0944000000000001e+30 	 3.35 	 66.51 	 2207.32 	 499.35
J2015+2524 	 1.6e+30 	 71600000 	 0.744 	 1.77 	 949.98 	 0.03 	 5.472e+28 	 3.16 	 66.51 	 2207.32 	 499.35
J0323+3944 	 9e+29 	 75600000 	 0.94 	 1.77 	 949.98 	 0.03 	 3.078e+28 	 2.99 	 66.51 	 2207.32 	 499.35
J0612+3721 	 8.9e+31 	 79400000 	 0.535 	 1.77 	 949.98 	 0.03 	 3.0438000000000004e+30 	 2.85 	 66.51 	 2207.32 	 499.35
J0656-5449 	 2.1e+32 	 90900000 	 0.372 	 1.77 	 949.98 	 0.03 	 7.182000000000001e+30 	 2.49 	 66.51 	 2207.32 	 499.35
J0902-6325 	 1.5e+31 	 97800000 	 0.192 	 1.77 	 949.98 	 0.03 	 5.13e+29 	 2.31 	 66.51 	 2207.32 	 499.35
J0932-3217 	 1.4e+30 	 122000000 	 0.414 	 1.77 	 949.98 	 0.03 	 4.7879999999999996e+28 	 1.86 	 66.51 	 2207.32 	 499.35
J0814+7429 	 3.1e+30 	 122000000 	 0.432 	 1.77 	 949.98 	 0.03 	 1.0601999999999999e+29 	 1.86 	 66.51 	 2207.32 	 499.35
J0959-4809 	 1.1e+31 	 125000000 	 0.361 	 1.77 	 949.98 	 0.03 	 3.762e+29 	 1.81 	 66.51 	 2207.32 	 499.35
J0750-6846 	 5.6e+30 	 132000000 	 0.338 	 1.77 	 949.98 	 0.03 	 1.9151999999999998e+29 	 1.71 	 66.51 	 2207.32 	 499.35
J1628+4406 	 1.3e+32 	 148000000 	 0.539 	 1.77 	 949.98 	 0.03 	 4.446e+30 	 1.53 	 66.51 	 2207.32 	 499.35
J1210-6550 	 2.2e+29 	 156000000 	 0.923 	 1.77 	 949.98 	 0.03 	 7.524000000000001e+27 	 1.45 	 66.51 	 2207.32 	 499.35
J0108-1431 	 5.8e+30 	 166000000 	 0.21 	 1.77 	 949.98 	 0.03 	 1.9836e+29 	 1.36 	 66.51 	 2207.32 	 499.35
J1714-1054 	 6.9e+30 	 188000000 	 0.215 	 1.77 	 949.98 	 0.03 	 2.3598e+29 	 1.20 	 66.51 	 2207.32 	 499.35
J0944-1354 	 9.6e+30 	 200000000 	 0.686 	 1.77 	 949.98 	 0.03 	 3.2832e+29 	 1.13 	 66.51 	 2207.32 	 499.35
J1739-1313 	 1.8e+30 	 236000000 	 0.735 	 1.77 	 949.98 	 0.03 	 6.156e+28 	 0.96 	 66.51 	 2207.32 	 499.35
J2144-3933 	 3.2e+28 	 272000000 	 0.16 	 1.77 	 949.98 	 0.03 	 1.0944000000000001e+27 	 0.83 	 66.51 	 2207.32 	 499.35
J1739-3951 	 2e+31 	 273000000 	 0.784 	 1.77 	 949.98 	 0.03 	 6.84e+29 	 0.83 	 66.51 	 2207.32 	 499.35
J1652-1400 	 2.4e+31 	 275000000 	 0.598 	 1.77 	 949.98 	 0.03 	 8.208e+29 	 0.82 	 66.51 	 2207.32 	 499.35
J1946+1805 	 1.1e+31 	 290000000 	 0.3 	 1.77 	 949.98 	 0.03 	 3.762e+29 	 0.78 	 66.51 	 2207.32 	 499.35
J0517+2212 	 4.2e+31 	 304000000 	 0.159 	 1.77 	 949.98 	 0.03 	 1.4363999999999998e+30 	 0.74 	 66.51 	 2207.32 	 499.35
